5

 0.500 -0.866 0.000
 0.866  0.500 0.000
 0.000  0.000 1.000
5

-0.500 -0.866 0.000
 0.866 -0.500 0.000
 0.000  0.000 1.000
5

-1.000  0.000 0.000
 0.000 -1.000 0.000
 0.000  0.000 1.000
5

-0.500  0.866 0.000
-0.866 -0.500 0.000
 0.000  0.000 1.000
5

 0.500 0.866 0.000
-0.866 0.500 0.000
 0.000 0.000 1.000
