D	N	theta_moyen	        theta_goc	Δtheta
3	4	109.47122063449069	109.4712206	-.00000003449069
3	5	89.999999844260216	90.0000000	.000000155739784
3	6	89.999999972071805	90.0000000	.000000027928195
3	7	75.142270465178242	77.8695421	2.727271634821758
3	8	71.732801739841051	74.8584922	3.125690460158949
3	9	69.193877513084999	70.5287794	1.334901886915001
3	10	64.981183958933897	66.1468220	1.165638041066103
3	11	61.795489142739036	63.4349488	1.639459657260964
3	12	63.434947950620959	63.4349488	.000000849379041
3	13	56.849777106957909	57.1367031	.286925993042091
3	14	55.833280875172477	55.6705700	-.162710875172477
3	15	53.587147596529711	53.6578501	.070702503470289
3	16	52.025721873194279	52.2443957	.218673826805721
3	17	51.026522189559287	51.0903285	.063806310440713
3	18	49.008541841726405	49.5566548	.548112958273595
3	19	46.277142758126800	47.6919141	1.414771341873200
3	20	46.505040676086772	47.4310362	.925995523913228
3	21	45.322679917896927	45.6132231	.290543182103073
3	22	44.335892874649879	44.7401612	.404268325350121
3	23	42.233982619327016	43.7099642	1.475981580672984
3	24	42.070768599935931	43.6907671	1.619998500064069
3	25	41.381437337775345	41.6344612	.253023862224655
3	26	40.584153745193412	41.0376616	.453507854806588
3	27	40.677557882121867	40.6776007	.000042817878133
3	28	38.829125206220965	39.3551436	.526018393779035
3	29	38.128271391683676	38.7136512	.585379808316324
3	30	38.041241520483702	38.5971159	.555874379516298
3	31	37.378462227097863	37.7098291	.331366872902137
3	32	37.377349657183828	37.4752140	.097864342816172
3	33	36.172932430183110	36.2545530	.081620569816890
3	34	35.500397077614878	35.8077844	.307387322385122
3	35	35.048063866335909	35.3198076	.271743733664091
3	36	34.907065511880830	35.1897322	.282666688119170
3	37	34.291706341063801	34.4224080	.130701658936199
3	38	34.315417349367962	34.2506607	-.064756649367962
3	39	33.291888375545021	33.4890466	.197158224454979
3	40	32.853101217070517	33.1583563	.305255082929483
3	41	32.442860843368244	32.7290944	.286233556631756
3	42	31.863331382576455	32.5063863	.643054917423545
3	43	31.924560318393823	32.0906244	.166064081606177
3	44	31.896582190649823	31.9834230	.086840809350177
3	45	31.224134307301089	31.3230814	.098947092698911
3	46	30.443035969051110	30.9591635	.516127530948890
3	47	30.152140152034885	30.7818159	.629675747965115
3	48	29.947082713167369	30.7627855	.815702786832631
3	49	29.822692845728746	29.9235851	.100892254271254
3	50	29.697111448120143	29.7529564	.055844951879857
3	51	29.106560765874139	29.3684069	.261846134125861
3	52	28.882761465268686	29.1947579	.311996434731314
3	53	28.455728601720537	28.8138972	.358168598279463
3	54	28.529041079974956	28.7169205	.187879420025044
3	55	27.931477160768775	28.2627914	.331314239231225
3	56	27.763088379251659	28.1480466	.384958220748341
3	57	27.639403796082320	27.8266759	.187272103917680
3	58	27.074928398339328	27.5564159	.481487501660672
3	59	27.173715034979516	27.3949757	.221260665020484
3	60	27.051504199597495	27.1928300	.141325800402505
3	61	26.709216000563231	26.8732779	.164061899436769
3	62	26.486177694281185	26.6839970	.197819305718815
3	63	26.206709500788513	26.4869225	.280212999211487
3	64	26.006953842540877	26.2350433	.228089457459123
3	65	25.739206327480499	26.0698299	.330623572519501
3	66	25.687094912074766	25.9474437	.260348787925234
3	67	25.466648707044317	25.6839813	.217332592955683
3	68	25.081917904141811	25.4638245	.381906595858189
3	69	25.191949144689268	25.3336364	.141687255310732
3	70	25.027663387469097	25.1709200	.143256612530903
3	71	24.755137898155489	24.9879381	.232800201844511
3	72	24.496330344943271	24.9264861	.430155755056729
3	73	24.375367705997633	24.5537792	.178411494002367
3	74	24.317961987673836	24.4209398	.102977812326164
3	75	24.182828904559820	24.3017225	.118893595440180
3	76	23.947023576597431	24.1281944	.181170823402569
3	77	23.790880742568056	24.0012837	.210402957431944
3	78	23.783988933294189	23.9310254	.147036466705811
3	79	23.523279914017820	23.6239917	.100711785982180
3	80	23.424093649834251	23.5530672	.128973550165749
3	81	22.979932988919941	23.3476377	.367704711080059
3	82	23.115051271222754	23.1946074	.079556128777246
3	83	22.953541025514607	23.0829976	.129456574485393
3	84	22.774923885817138	23.0517306	.276806714182862
3	85	22.599640917034360	22.7791621	.179521182965640
3	86	22.470438071027022	22.6743694	.203931328972978
3	87	22.384442621659908	22.5466574	.162214778340092
3	88	22.189783379369089	22.4678810	.278097620630911
3	89	22.165151156587708	22.3166023	.151451143412292
3	90	21.893469517408697	22.1540232	.260553682591303
3	91	21.871062283732115	22.0517963	.180734016267885
3	92	21.652193254221245	22.0275815	.375388245778755
3	93	21.595814292620727	21.8103801	.214565807379273
3	94	21.501930384277980	21.7237135	.221783115722020
3	95	21.423597254338574	21.5945501	.170952845661426
3	96	21.192949320765099	21.5206099	.327660579234901
3	97	21.266491467347723	21.4006197	.134128232652277
3	98	21.223154803787846	21.3710607	.147905896212154
3	99	21.014727330696481	21.1359674	.121240069303519
3	100	20.781706516951033	21.0312020	.249495483048967
3	101	20.725598013071998	20.9286834	.203085386928002
3	102	20.470041330882712	20.8556887	.385647369117288
3	103	20.576175002368799	20.7382700	.162094997631201
3	104	20.550828670935257	20.6566210	.105792329064743
3	105	20.449051487033881	20.5388524	.089800912966119
3	106	20.201500078599615	20.4394089	.237908821400385
3	107	20.201527956698715	20.3612035	.159675543301285
3	108	20.194063381374765	20.3044447	.110381318625235
3	109	19.996282588150343	20.1493196	.153037011849657
3	110	19.954139906976806	20.1113276	.157187693023194
3	111	19.871532696438685	19.9824769	.110944203561315
3	112	19.763603355385449	19.8913044	.127701044614551
3	113	19.606847025037229	19.8056013	.198754274962771
3	114	19.532579352569581	19.7450093	.212429947430419
3	115	19.424932155372410	19.6239931	.199060944627590
3	116	19.309701231325334	19.5497969	.240095668674666
3	117	19.221046785243868	19.4612911	.240244314756132
3	118	19.138786477199275	19.3893497	.250563222800725
3	119	19.198207042741387	19.3257514	.127544357258613
3	120	19.157909050344571	19.3240201	.166111049655429
3	121	18.997827126337281	19.1357298	.137902673662719
3	122	18.899624610559108	19.0700369	.170412289440892
3	123	18.839871390783344	19.0063891	.166517709216656
3	124	18.672005854114254	18.9539116	.281905745885746
3	125	18.653196123372929	18.8448151	.191618976627071
3	126	18.569572694900604	18.7815856	.212012905099396
3	127	18.497108879500299	18.6900568	.192947920499701
3	128	18.421677614299131	18.6349726	.213294985700869
3	129	18.455329572289230	18.5634726	.108143027710770
3	130	18.372481610009714	18.5103522	.137870589990286
4	5	104.47751190262841	104.4775121	.00000019737159
4	6	89.999999697436266	90.0000000	.000000302563734
4	7	89.999999917878782	90.0000000	.000000082121218
4	8	89.999999999886754	90.0000000	.000000000113246
4	9	76.811005731455182	80.6761150	3.865109268544818
4	10	71.999999940991913	80.4059318	8.405931859008087
4	11	74.285447114405756	76.6790498	2.393602685594244
4	12	75.271856612333522	75.5224878	.250631187666478
4	13	69.731278634983099	72.1036706	2.372391965016901
4	14	71.154422029320301	71.3661859	.211763870679699
4	15	69.295188150044922	69.4519870	.156798849955078
4	16	67.190411629602664	67.1930021	.002590470397336
4	17	63.874657681397302	65.6531563	1.778498618602698
4	18	63.277475731957907	64.9872827	1.709806968042093
4	19	62.967392641630973	64.2618766	1.294483958369027
4	20	63.789968670838604	64.2618766	.471907929161396
4	21	61.791966792435048	61.8760316	.084064807564952
4	22	59.057758661110412	60.1398863	1.082127638889588
4	23	57.888140853527048	60.0000000	2.111859146472952
4	24	55.309100594346212	60.0000000	4.690899405653788
4	25	54.965743006549246	57.4988826	2.533139593450754
4	26	57.246756849936645	57.2625923	.015835450063355
4	27	55.713417484674906	56.1106132	.397195715325094
4	28	54.453655291842622	55.4351398	.981484508157378
4	29	53.580854854775041	55.0299245	1.449069645224959
4	30	54.097427193288667	54.2511897	.153762506711333
4	31	52.651545794518611	53.7886221	1.137076305481389
4	32	52.929789353609330	53.4360130	.506223646390670
4	33	52.761456540826742	53.0759811	.314524559173258
4	34	51.968857510177756	52.4011334	.432275889822244
4	35	51.014799936508190	51.5724903	.557690363491810
4	36	49.967341892159567	51.0745199	1.107178007840433
4	37	49.637298613243104	50.9226685	1.285369886756896
4	38	49.428833616062406	50.1535207	.724687083937594
4	39	48.907123078370297	49.6895967	.782473621629703
4	40	49.240153546032538	49.4208547	.180701153967462
4	41	48.558102966271207	49.0594727	.501369733728793
4	42	48.818146236272874	48.8204491	.002302863727126
4	43	48.382487261939389	48.4963928	.113905538060611
4	44	47.278157406764961	48.0251062	.746948793235039
4	45	47.049870932295264	47.3961868	.346315867704736
4	46	46.320249698444684	46.9743371	.654087401555316
4	47	45.843389553312093	46.7328543	.889464746687907
4	48	45.772668512092025	46.3832527	.610584187907975
4	49	45.263355186130049	46.0990591	.835703913869951
4	50	44.053334465585571	46.0742073	2.020872834414429
4	51	44.813545140181013	45.4625355	.648990359818987
4	52	43.982307074515496	45.2812081	1.298901025484504
4	53	44.355545672529153	44.9542243	.598678627470847
4	54	44.274771650914325	44.7883187	.513547049085675
4	55	44.157141014358366	44.3025299	.145388885641634
4	56	43.329222152214705	44.0114102	.682188047785295
4	57	43.429237495610579	43.7495816	.320344104389421
4	58	42.806268192493413	43.5341667	.727898507506587
4	59	43.019386359151824	43.3907742	.371387840848176
4	60	43.065020037730925	43.2167495	.151729462269075
4	61	42.962960915351132	42.9862214	.023260484648868
4	62	42.780624317456549	42.7870922	.006467882543451
4	63	42.156439093235093	42.3770430	.220603906764907
4	64	41.909430396448720	42.3062196	.396789203551280
4	65	41.463293545710506	42.0566173	.593323754289494
4	66	41.137373279882318	41.7550028	.617629520117682
4	67	41.067764270235578	41.4987735	.431009229764422
4	68	40.626510644246011	41.3146370	.688126355753989
4	69	40.966410044844515	41.1813742	.214964155155485
4	70	40.598402959559934	41.0851193	.486716340440066
4	71	40.303775642815417	40.8538202	.550044557184583
4	72	40.301006437232793	40.7098566	.408850162767207
4	73	40.426551647462517	40.6070686	.180516952537483
4	74	40.416965764341633	40.5754396	.158473835658367
4	75	40.398574741090620	40.4865078	.087933058909380
4	76	40.326099226040519	40.4418535	.115754273959481
4	77	39.966407494856355	40.0749825	.108575005143645
4	78	39.714640876073553	39.7568300	.042189123926447
4	79	39.019191631362688	39.3704881	.351296468637312
4	80	38.938619853338899	39.1321954	.193575546661101
4	81	38.486004419794511	38.9404678	.454463380205489
4	82	38.237405877430945	38.7616584	.524252522569055
4	83	38.042374622866696	38.6411550	.598780377133304
4	84	37.845719760808649	38.5216197	.675899939191351
4	85	37.555331708042388	38.3971687	.841836991957612
4	86	37.680471088092744	38.2834796	.603008511907256
4	87	37.230286607938822	38.2316167	1.001330092061178
4	88	37.039722654754463	38.1934424	1.153719745245537
4	89	37.001232327208449	37.9525738	.951341472791551
4	90	36.544240013903824	37.7779155	1.233675486096176
4	91	36.980326912879278	37.6840939	.703766987120722
4	92	36.685275916820586	37.6073513	.922075383179414
4	93	36.686073835546971	37.5288195	.842745664453029
4	94	36.629252161540940	37.4811292	.851877038459060
4	95	36.442539099466707	37.1570600	.714520900533293
4	96	36.877625595031823	37.0622214	.184595804968177
4	97	36.585164353908446	36.9191853	.334020946091554
4	98	35.836484602328611	36.7966891	.960204497671389
4	99	36.248199499322233	36.6983263	.450126800677767
4	100	35.880313207252158	36.5636318	.683318592747842
4	101	36.203507887620887	36.4956325	.292124612379113
4	102	35.454187400899968	36.4186254	.964437999100032
4	103	35.124454113313163	36.3807276	1.256273486686837
4	104	35.299026389272960	36.2615258	.962499410727040
4	105	35.303708716029256	36.1859494	.882240683970744
4	106	35.114085378425813	36.1333759	1.019290521574187
4	107	35.299187637261753	36.0959131	.796725462738247
4	108	34.644416567985331	36.0509369	1.406520332014669
4	109	34.737513980815386	36.0309659	1.293451919184614
4	110	34.642690451798131	36.0076295	1.364939048201869
4	111	35.898694771997263	36.0013484	.102653628002737
4	112	34.602211722827221	36.0000058	1.397794077172779
4	113	35.530154650949427	36.0000000	.469845349050573
4	114	35.675969813280041	36.0000000	.324030186719959
4	115	34.013442884671257	36.0000000	1.986557115328743
4	116	35.645767574096190	36.0000000	.354232425903810
4	117	35.714628395771875	36.0000000	.285371604228125
4	118	35.066932839816182	36.0000000	.933067160183818
4	119	34.550320550700192	36.0000000	1.449679449299808
4	120	35.923618921278738	36.0000000	.076381078721262
4	121	34.429865473024044	34.4465422	.016676726975956
4	122	34.219234305934563	34.2716955	.052461194065437
4	123	33.361687563922011	34.1743519	.812664336077989
4	124	33.284422599604866	33.9853008	.700878200395134
4	125	33.772561790433024	33.8729785	.100416709566976
4	126	33.595229786666181	33.7679953	.172765513333819
4	127	33.308451081059943	33.6685430	.360091918940057
4	128	33.157004128675624	33.5726406	.415636471324376
4	129	32.746143802044202	33.5033828	.757238997955798
4	130	32.767205874002521	33.4075174	.640311525997479
5	6	101.53695901603471	101.5369590	-.00000001603471
5	7	89.999999320493785	90.0000000	.000000679506215
5	8	89.999999938034946	90.0000000	.000000061965054
5	9	89.999999818334288	90.0000000	.000000181665712
5	10	89.999999865576115	90.0000000	.000000134423885
5	11	78.070586586747851	82.3654810	4.294894413252149
5	12	81.074919603092283	81.1451619	.070242296907717
5	13	76.182737914629286	79.2070847	3.024346785370714
5	14	75.101035364671020	78.4630410	3.362005635328980
5	15	76.769139930902639	78.4630410	1.693901069097361
5	16	78.463036922802402	78.4630410	.000004077197598
5	17	73.108959040733552	74.3074162	1.198457159266448
5	18	70.660331207962699	74.0080831	3.347751892037301
5	19	71.800825959879617	73.0329080	1.232082040120383
5	20	71.939727575350744	72.5792898	.639562224649256
5	21	71.565050197146377	71.6441994	.079149202853623
5	22	66.424719859236163	69.2068599	2.782140040763837
5	23	67.007718462295301	68.2984004	1.290681937704699
5	24	65.156265259234488	68.0230856	2.866820340765512
5	25	65.393153927473236	67.6897899	2.296635972526764
5	26	66.360210767415168	67.0305252	.670314432584832
5	27	64.189779350827450	66.3175208	2.127741449172550
5	28	62.805680509232040	65.9100901	3.104409590767960
5	29	65.703076623224391	65.7301670	.027090376775609
5	30	65.529733366583272	65.6046967	.074963333416728
5	31	63.842727573451803	64.2839257	.441198126548197
5	32	63.434948710152312	63.7779969	.343048189847688
5	33	61.216173745511824	62.6125998	1.396426054488176
5	34	60.831527748566565	61.9343521	1.102824351433435
5	35	59.380617869972909	61.4165697	2.035951830027091
5	36	59.507397263939779	61.0530896	1.545692336060221
5	37	58.772762455664584	60.4074688	1.634706344335416
5	38	58.916180619479128	60.2482021	1.332021480520872
5	39	57.831829589613427	60.0017727	2.169943110386573
5	40	57.373516604026698	60.0000000	2.626483395973302
5	41	57.815737375450105	59.0029024	1.187165024549895
5	42	57.305506289967092	58.7856545	1.480148210032908
5	43	57.280401208515997	58.3513041	1.070902891484003
5	44	56.662070407685810	58.1661569	1.504086492314190
5	45	55.993540291905603	57.6514221	1.657881808094397
5	46	56.308239505852647	57.4326036	1.124364094147353
5	47	55.387421469990741	57.1800994	1.792677930009259
5	48	55.088627307662051	56.9676480	1.879020692337949
5	49	55.682289052654546	56.8441582	1.161869147345454
5	50	54.706623866886432	56.8441582	2.137534333113568
5	51	55.572882015710476	56.3071628	.734280784289524
5	52	54.180513729725490	55.9343732	1.753859470274510
5	53	54.087888960631830	55.4667168	1.378827839368170
5	54	54.396368735608725	55.1747097	.778340964391275
5	55	54.061450146597899	54.9279561	.866505953402101
5	56	54.410365403692346	54.7453222	.334956796307654
5	57	53.318143614105011	54.7356103	1.417466685894989
5	58	53.428346416450111	54.4462372	1.017890783549889
5	59	52.642770140667999	54.0539784	1.411208259332001
5	60	52.848550461442542	53.6051457	.756595238557458
5	61	52.190399809860963	53.3979587	1.207558890139037
5	62	51.951417199908583	53.2010567	1.249639500091417
5	63	51.537514531608593	52.8751126	1.337598068391407
5	64	52.156598271509012	52.7108774	.554279128490988
5	65	51.708941082844504	52.5214037	.812462617155496
5	66	51.373283564806542	52.4752830	1.101999435193458
5	67	50.544693398001044	52.2729583	1.728264901998956
5	68	50.596294199366980	52.0286818	1.432387600633020
5	69	51.325637951595859	51.9176291	.591991148404141
5	70	50.042012940661991	51.8973507	1.855337759338009
5	71	50.569997005327366	51.8317602	1.261763194672634
5	72	50.127454904430429	51.8317602	1.704305295569571
5	73	50.322887647351479	51.8272924	1.504404752648521
5	74	50.952062823903873	51.8272924	.875229576096127
5	75	50.210827691621844	51.3428135	1.131985808378156
5	76	50.272019731169266	50.8459281	.573908368830734
5	77	49.626910487782020	50.4692075	.842297012217980
5	78	49.825480513702310	50.1905273	.365046786297690
5	79	49.346200966632196	49.9276863	.581485333367804
5	80	48.843209548478796	49.6870598	.843850251521204
5	81	49.160515339823256	49.5416542	.381138860176744
5	82	48.767172381181780	49.3488655	.581693118818220
5	83	48.454061030472680	49.0496962	.595635169527320
5	84	47.700422514277072	48.8819546	1.181532085722928
5	85	47.797148796164684	48.7570741	.959925303835316
5	86	47.427483729111977	48.6290153	1.201531570888023
5	87	47.542664968400835	48.5000839	.957418931599165
5	88	47.278687944054397	48.3577476	1.079059655945603
5	89	47.201549757360667	48.2141763	1.012626542639333
5	90	46.922316960245226	48.1896851	1.267368139754774
5	91	47.112121297101133	47.9008875	.788766202898867
5	92	46.985303927742834	47.7716828	.786378872257166
5	93	46.667958997027895	47.6364239	.968464902972105
5	94	46.648663108036992	47.5270717	.878408591963008
5	95	45.866177284214118	47.4198451	1.553667815785882
5	96	46.203925678513194	47.3535100	1.149584321486806
5	97	46.148936008110425	47.2151568	1.066220791889575
5	98	46.038694569540930	47.1352000	1.096505430459070
5	99	46.171722309706738	46.9889294	.817207090293262
5	100	45.616236512035840	46.9094506	1.293214087964160
5	101	45.836297909627461	46.7465353	.910237390372539
5	102	45.554717320441689	46.5719302	1.017212879558311
5	103	45.564587399013405	46.4564803	.891892900986595
5	104	45.431559334075992	46.3923772	.960817865924008
5	105	45.528277795181019	46.3118627	.783584904818981
5	106	45.358348106287458	46.1395418	.781193693712542
5	107	45.314432221368918	46.0632232	.748790978631082
5	108	45.271481582754930	45.9430913	.671609717245070
5	109	45.052084240611748	45.8583450	.806260759388252
5	110	44.806860152142335	45.7248275	.917967347857665
5	111	44.762937980970804	45.6276320	.864694019029196
5	112	44.423696168501699	45.5373551	1.113658931498301
5	113	44.430752648020686	45.4294817	.998729051979314
5	114	44.374155884136407	45.3304185	.956262615863593
5	115	43.871749100586705	45.2457325	1.373983399413295
5	116	44.196452852608175	45.1419275	.945474647391825
5	117	44.115806307746503	45.0181994	.902393092253497
5	118	44.069408563434834	44.9252672	.855858636565166
5	119	43.809584077763695	44.8177246	1.008140522236305
5	120	43.567694975687097	44.7301784	1.162483424312903
5	121	43.896993639118755	44.6404435	.743449860881245
5	122	43.580243129565048	44.5817814	1.001538270434952
5	123	43.576885252077325	44.4453109	.868425647922675
5	124	43.438528909395998	44.3486865	.910157590604002
5	125	43.515077057210974	44.2250403	.709963242789026
5	126	43.158335758887041	44.1807177	1.022381941112959
5	127	43.296507731100185	44.0598726	.763364868899815
5	128	42.983592352382942	43.9739131	.990320747617058
5	129	42.952712139606433	43.8672061	.914493960393567
5	130	43.112015101442324	43.8024944	.690479298557676
