           3           3   119.99999992934308
           3           4   109.47122063410565     
           3           5   89.999999050285879     
           3           6   89.999999699358966     
           3           7   76.628388600409437     
           3           8   71.637884357216237     
           3           9   69.193872546880399     
           3          10   64.981159653634165     
           3          11   60.513431640006885     
           3          12   63.434945116889253     
           3          13   56.212956406477367     
           3          14   54.313225652744698     
           3          15   52.068656795038748     
           3          16   50.317391010182980     
           3          17   50.384377024782793     
           3          18   48.457401541319946     
           3          19   45.564693764194892     
           3          20   46.292782084059610     
           3          21   45.292123030426183     
           3          22   43.783899741252824     
           3          23   41.843916570604847     
           3          24   42.070739111660053     
           3          25   40.841433727624889     
           3          26   39.833624025120386     
           3          27   40.215376704222592     
           3          28   38.649958802033133     
           3          29   37.473388419218793     
           3          30   37.281528061597726     
           3          31   37.174859071538776     
           3          32   37.377276926982752     
           3          33   35.498537138133969     
           3          34   34.712725832131163     
           3          35   34.321468473654654     
           3          36   34.056162420639524     
           3          37   33.212116152354248     
           3          38   33.732216538213727     
           3          39   32.509880049870979     
           3          40   32.331310098270080     
           3          41   32.089559211721927     
           3          42   31.857179195013089     
           3          43   31.451551383809178     
           3          44   31.697816739989594     
           3          45   30.872302718273637     
           3          46   30.292151311527277     
           3          47   29.805323117224397     
           3          48   29.905493512682909     
           3          49   29.314211886716812     
           3          50   29.237653957278560     
           3          51   28.727664004502138     
           3          52   28.391440425882475     
           3          53   28.159689703014731     
           3          54   27.907795209197594     
           3          55   27.633152116562620     
           3          56   27.420309292453943     
           3          57   27.032443009857275     
           3          58   26.975855464721121     
           3          59   26.740806437177270     
           3          60   26.595529340395732     
           3          61   26.272881678446250     
           3          62   26.083561957991815     
           3          63   25.947103789252850     
           3          64   25.622647692626508     
           3          65   25.356357308633829     
           3          66   25.308149807859571     
           3          67   25.275576865852859     
           3          68   24.927451608752289     
           3          69   24.769514228504590     
           3          70   24.602126598102853     
           3          71   24.505017053387203     
           3          72   24.137473569294055     
           3          73   24.088651374245263     
           3          74   23.834376089264044     
           3          75   23.764796758926092     
           3          76   23.585791379244192     
           3          77   23.512087140817457     
           3          78   23.516935889251702     
           3          79   23.304602075394701     
           3          80   23.057327023798475     
           3          81   22.847401646214735     
           3          82   22.724313834301700     
           3          83   22.566076138992102     
           3          84   22.464236317338084     
           3          85   22.301436863425774     
           3          86   22.132171268959112     
           3          87   22.081763544321195     
           3          88   21.848097090209961     
           3          89   21.809507630281779     
           3          90   21.754583038003428     
           3          91   21.559999322300236     
           3          92   21.483683417660114     
           3          93   21.349457869564912     
           3          94   21.135072613411108     
           3          95   21.196828480087589     
           3          96   20.968941582822925     
           3          97   20.753719306329408     
           3          98   20.945478994302700     
           3          99   20.738826467042813     
           3         100   20.739067522951832     
           3         101   20.481748903373969     
           3         102   20.349077483090536     
           3         103   20.331428463376419     
           3         104   20.180905863314695     
           3         105   20.121195199008344     
           3         106   19.977128524374187     
           3         107   19.929185444837795     
           3         108   19.914332185370352     
           3         109   19.793420942851863     
           3         110   19.634776130596517     
           3         111   19.583829641414205     
           3         112   19.448993390569974     
           3         113   19.239852062264703     
           3         114   19.319671569132030     
           3         115   19.219056763094098     
           3         116   19.055180599424762     
           3         117   19.034193086329047     
           3         118   19.007588565628534     
           3         119   18.942245186371554     
           3         120   18.834125717988556     
           3         121   18.773431744016037     
           3         122   18.639154268955370     
           3         123   18.580790041021167     
           3         124   18.548557863283243     
           3         125   18.357677826297213     
           3         126   18.341853417754585     
           3         127   18.344556723888548     
           3         128   18.220679258927170     
           3         129   18.175956912676980     
           3         130   17.965551751559051     
           4           4   109.47122062290278     
           4           5   104.47751179638260     
           4           6   89.639721902062419     
           4           7   89.999999937765210     
           4           8   89.999999848348779     
           4           9   79.231355117756408     
           4          10   74.674196326402125     
           4          11   70.656982078469994     
           4          12   74.601757119450227     
           4          13   69.601457529149926     
           4          14   70.633364273502195     
           4          15   69.295185586470339     
           4          16   65.505609912200185     
           4          17   63.195533296321571     
           4          18   61.827817084892665     
           4          19   61.547774805263501     
           4          20   63.789588089903063     
           4          21   60.989366424992276     
           4          22   58.435375370418996     
           4          23   56.676036241840421     
           4          24   55.220782921393599     
           4          25   53.683777662525991     
           4          26   54.158568130638201     
           4          27   54.061284191621617     
           4          28   52.555317776950432     
           4          29   52.680455686522855     
           4          30   52.494198540838092     
           4          31   51.407481727995417     
           4          32   52.052805605276873     
           4          33   52.583566644055189     
           4          34   52.089148603142341     
           4          35   49.824292319922186     
           4          36   49.082011999138977     
           4          37   48.186742812467372     
           4          38   48.315067703034941     
           4          39   47.736125127166908     
           4          40   47.085608050231635     
           4          41   46.881924714556867     
           4          42   47.105722688080839     
           4          43   48.018081040053787     
           4          44   47.315543161473620     
           4          45   45.933506121748920     
           4          46   45.660860425036709     
           4          47   44.451297481808588     
           4          48   44.874425579056002     
           4          49   44.007208787877921     
           4          50   44.053282731342904     
           4          51   43.292662633018821     
           4          52   43.225385380912435     
           4          53   43.027433446574200     
           4          54   43.555101908948984     
           4          55   43.012642967375179     
           4          56   42.579341006289070     
           4          57   42.043293820213279     
           4          58   41.562189741704074     
           4          59   41.554752911586384     
           4          60   41.185573979350508     
           4          61   41.509825265759680     
           4          62   41.647198935735283     
           4          63   41.567470257500410     
           4          64   40.796367749899410     
           4          65   40.199281892704370     
           4          66   39.811604881875347     
           4          67   39.678405645751219     
           4          68   39.424457893281449     
           4          69   39.470839761377448     
           4          70   39.383852391500646     
           4          71   39.266404465601823     
           4          72   38.885361577878669     
           4          73   39.013929681308269     
           4          74   39.073163978077730     
           4          75   39.243789840711500     
           4          76   39.308486276306759     
           4          77   39.435544348495519     
           4          78   39.915233242902467     
           4          79   38.867368251021084     
           4          80   38.317155311417956     
           4          81   37.591199422357022     
           4          82   37.268767861343122     
           4          83   36.842172981049025     
           4          84   36.989691662339752     
           4          85   36.595085893943605     
           4          86   36.363771376982918     
           4          87   36.184692374577530     
           4          88   36.278558067975311     
           4          89   35.898885209971780     
           4          90   35.819261182023858     
           4          91   35.809318632541391     
           4          92   35.799251621949182     
           4          93   35.444944833787737     
           4          94   35.500530066295291     
           4          95   35.552944348413831     
           4          96   35.413690847311422     
           4          97   35.189603152485553     
           4          98   34.974209474945120     
           4          99   35.205939839754606     
           4         100   34.664606921062358     
           4         101   34.939992322320315     
           4         102   34.880948332101539     
           4         103   35.133553253674897     
           4         104   34.388334661052689     
           4         105   34.201686007665806     
           4         106   34.545529888003273     
           4         107   34.914884913023926     
           4         108   34.713289875733913     
           4         109   34.843847461356603     
           4         110   34.069330564461602     
           4         111   34.787504181995800     
           4         112   34.030036361080349     
           4         113   33.239095028035564     
           4         114   34.923192147907038     
           4         115   35.003092952416800     
           4         116   33.031964031988480     
           4         117   35.244936646551039     
           4         118   35.139808798693771     
           4         119   35.338150083363061     
           4         120   34.413134664768812     
           4         121   34.848348443923541     
           4         122   32.369650907288424     
           4         123   33.808701830448200     
           4         124   33.434152756989086     
           4         125   33.136294006747129     
           4         126   32.848000412603099     
           4         127   32.640079727438817     
           4         128   31.980202843783456     
           4         129   31.902999552864451     
           4         130   31.949542141652213     
           5           4   109.47122063309165     
           5           5   104.47751214705940     
           5           6   101.53695902825666     
           5           7   89.999997962031671     
           5           8   89.999999410180394     
           5           9   89.999999881821054     
           5          10   89.999999669457239     
           5          11   78.309847868225418     
           5          12   74.713603980645559     
           5          13   76.338719486899350     
           5          14   74.021165077529446     
           5          15   75.295159177023166     
           5          16   78.463038730421104     
           5          17   72.326683965506234     
           5          18   69.942272725050330     
           5          19   70.677906468490505     
           5          20   71.806542222974898     
           5          21   71.565047168379749     
           5          22   67.084480318276817     
           5          23   64.392579525573126     
           5          24   63.803367405206515     
           5          25   64.428360416411650     
           5          26   63.607173809054188     
           5          27   62.394611792657827     
           5          28   63.320563363071237     
           5          29   63.226891728977535     
           5          30   65.482340684261302     
           5          31   62.991471224280758     
           5          32   60.367804611090023     
           5          33   60.259906498648441     
           5          34   58.675687754700348     
           5          35   57.710220856109196     
           5          36   58.093572872451595     
           5          37   56.582062762723716     
           5          38   56.642797709819980     
           5          39   56.974217193993972     
           5          40   56.401978657656223     
           5          41   56.391118106354718     
           5          42   56.237338702613641     
           5          43   55.125723189116478     
           5          44   54.796609219833378     
           5          45   54.308296138212853     
           5          46   53.492651965980635     
           5          47   53.273060131065932     
           5          48   53.905175023656270     
           5          49   53.574104028000392     
           5          50   53.078082101475154     
           5          51   53.216231107457808     
           5          52   52.653181482878722     
           5          53   52.568182536735755     
           5          54   52.142432445759141     
           5          55   52.582672747394668     
           5          56   52.691347092753659     
           5          57   52.858492905315053     
           5          58   51.479632756952554     
           5          59   51.478373215424838     
           5          60   50.705200812512224     
           5          61   50.558061245040058     
           5          62   50.620885095491850     
           5          63   50.387836928879992     
           5          64   50.108117488804204     
           5          65   49.899254050828773     
           5          66   49.742003920869927     
           5          67   49.467578254696448     
           5          68   48.825911472113994     
           5          69   49.174896564170353     
           5          70   49.230179207735716     
           5          71   48.880209019453432     
           5          72   48.983406613244725     
           5          73   49.621479187597153     
           5          74   48.671732837932218     
           5          75   48.864952831358245     
           5          76   49.828706033165915     
           5          77   49.361863939977198     
           5          78   49.125023751968563     
           5          79   48.501346415548213     
           5          80   48.198959281574979     
           5          81   48.234901862920630     
           5          82   47.156601665532158     
           5          83   47.172586626100752     
           5          84   46.588829307327927     
           5          85   46.494812971877664     
           5          86   45.938760789704197     
           5          87   45.814477220854187     
           5          88   45.703271425971778     
           5          89   45.564219529807687     
           5          90   45.201938975716033     
           5          91   45.115231133855325     
           5          92   45.349374742154531     
           5          93   45.303124839214675     
           5          94   45.054257545855222     
           5          95   44.928816032966836     
           5          96   44.610517188875846     
           5          97   44.946534290126174     
           5          98   44.632544920708334     
           5          99   44.485357687190920     
           5         100   44.272193146224929     
           5         101   44.284258749710432     
           5         102   44.010667735909543     
           5         103   44.306623631683188     
           5         104   43.966164617994693     
           5         105   44.183040382509802     
           5         106   43.914020836695173     
           5         107   43.693149612098594     
           5         108   43.547624115924833     
           5         109   43.574767424742980     
           5         110   43.413764632092565     
           5         111   43.026100276896344     
           5         112   43.004538984468539     
           5         113   42.775521660356745     
           5         114   42.964037188089527     
           5         115   42.865047789024672     
           5         116   42.618547860034411     
           5         117   42.533688642399454     
           5         118   42.695362166157096     
           5         119   42.396139315392418     
           5         120   42.343136933545594     
           5         121   42.287517039930343     
           5         122   42.166819524722094     
           5         123   42.100467824998461     
           5         124   42.227007547057539     
           5         125   41.880139685793203     
           5         126   41.886493907562560     
           5         127   41.742780055917322     
           5         128   41.697280932346473     
           5         129   41.762743597650122     
           5         130   41.461123103485221     
